0.001079
0.012093
0.025765
-0.035129
0.046515
-0.028203
0.020575
0.006478
-0.150880
0.211226
-0.119368
-0.025946
0.181876
-0.310788
-0.030022
-2.639578
-0.916667
-1.463855
-0.097200
-0.958669
-0.010721
3.586631
2.036736
1.109805
-3.458738
-0.998269
-0.979149
-0.333183
-0.999509
0.004979
3.701633
2.004653
1.020557
-3.362198
-1.005116
-1.025610
-0.339389
-0.999509
0.004979
3.701633
2.004653
1.020557
-3.362198
-1.005116
-1.025610
-0.339389
-0.999509
0.004979
3.701633
2.004653
1.020557
-3.362198
-1.005116
-1.025610
-0.339389
-0.999509
0.004979
3.701633
2.004653
1.020557
-3.362198
-1.005116
-1.025610
-0.339389
-0.999509
0.004979
3.701633
2.004653
1.020557
-3.362198
-1.005116
-1.025610
-0.339389
-0.999509
0.004979
3.701633
2.004653
1.020557
-3.362198
-1.005116
-1.025610
-0.339389
-0.999509
0.004979
3.701633
2.004653
1.020557
-3.362198
-1.005116
-1.025610
-0.339389
-0.999509
0.004979
3.701633
2.004653
1.020557
-3.362198
-1.005116
-1.025610
-0.339389
-0.999509
0.004979
3.701633
2.004653
1.020557
-3.362198
-1.005116
-1.025610
-0.339389
-0.999509
0.004979
3.701633
2.004653
1.020557
-3.362198
-1.005116
-1.025610
-0.339389
-0.999509
0.004979
3.701633
2.004653
1.020557
-3.362198
-1.005116
-1.025610
-0.339389
-0.999509
0.004979
3.701633
2.004653
1.020557
-3.362198
-1.005116
-1.025610
-0.339389
-0.999509
0.004979
3.701633
2.004653
1.020557
-3.362198
-1.005116
-1.025610
-0.339389
-0.999509
0.004979
3.701633
2.004653
1.020557
-3.362198
-1.005116
-1.025610
-0.339389
-0.999509
0.004979
3.701633
2.004653
1.020557
-3.362198
-1.005116
-1.025610
-0.339389
-0.999509
0.004979
3.701633
2.004653
1.020557
-3.362198
-1.005116
-1.025610
-0.339389
-0.999509
0.004979
3.701633
2.004653
1.020557
-3.362198
-1.005116
-1.025610
-0.339389
-0.999509
0.004979
3.701633
2.004653
1.020557
-3.362198
-1.005116
-1.025610
-0.339389
-0.999509
0.004979
3.701633
2.004653
1.020557
-3.362198
-1.005116
-1.025610
-0.339389
-0.999509
0.004979
3.701633
2.004653
1.020557
-3.362198
-1.005116
-1.025610
-0.339389
-0.999509
0.004979
3.701633
2.004653
1.020557
-3.362198
-1.005116
-1.025610
-0.339389
-0.999509
0.004979
3.701633
2.004653
1.020557
-3.362198
-1.005116
-1.025610
-0.339389
-0.999509
0.004979
3.701633
2.004653
1.020557
-3.362198
-1.005116
-1.025610
-0.339389
-0.999509
0.004979
3.701633
2.004653
1.020557
-3.362198
-1.005116
-1.025610
-0.339389
-0.999509
0.004979
3.701633
2.004653
1.020557
-3.362198
-1.005116
-1.025610
-0.339389
-0.999509
0.004979
3.701633
2.004653
1.020557
-3.362198
-1.005116
-1.025610
-0.339389
-0.999509
0.004979
3.701633
2.004653
1.020557
-3.362198
-1.005116
-1.025610
-0.339389
-0.999509
0.004979
3.701633
2.004653
1.020557
-3.362198
-1.005116
-1.025610
-0.339389
-0.999509
0.004979
3.701633
2.004653
1.020557
-3.362198
-1.005116
-1.025610
-0.339389
-0.999509
0.004979
3.701633
2.004653
1.020557
-3.362198
-1.005116
-1.025610
-0.339389
-0.999509
0.004979
3.701633
2.004653
1.020557
-3.362198
-1.005116
-1.025610
-0.339389
-0.999509
0.004979
3.701633
2.004653
1.020557
-3.362198
-1.005116
-1.025610
-0.339389
-0.999509
0.004979
3.701633
2.004653
1.020557
-3.362198
-1.005116
-1.025610
-0.339389
-0.999509
0.004979
3.701633
2.004653
1.020557
-3.362198
-1.005116
-1.025610
-0.339389
-0.999509
0.004979
3.701633
2.004653
1.020557
-3.362198
-1.005116
-1.025610
-0.339389
-0.999509
0.004979
3.701633
2.004653
1.020557
-3.362198
-1.005116
-1.025610
-0.339389
-0.999509
0.004979
3.701633
2.004653
1.020557
-3.362198
-1.005116
-1.025610
-0.339389
-0.999509
0.004979
3.701633
2.004653
1.020557
-3.362198
-1.005116
-1.025610
-0.339389
-0.999509
0.004979
3.701633
2.004653
1.020557
-3.362198
-1.005116
-1.025610
-0.339389
-0.999509
0.004979
3.701633
2.004653
1.020557
-3.362198
-1.005116
-1.025610
-0.339389
-0.999509
0.004979
3.701633
2.004653
1.020557
-3.362198
-1.005116
-1.025610
-0.339389
-0.999509
0.004979
3.701633
2.004653
1.020557
-3.362198
-1.005116
-1.025610
-0.339389
-0.999509
0.004979
3.701633
2.004653
1.020557
-3.362198
-1.005116
-1.025610
-0.339389
-0.999509
0.004979
3.701633
2.004653
1.020557
-3.362198
-1.005116
-1.025610
-0.339389
-0.999509
0.004979
3.701633
2.004653
1.020557
-3.362198
-1.005116
-1.025610
-0.339389
-0.999509
0.004979
3.701633
2.004653
1.020557
-3.362198
-1.005116
-1.025610
-0.339389
-0.999509
0.004979
3.701633
2.004653
1.020557
-3.362198
-1.005116
-1.025610
-0.339389
-0.999509
0.004979
3.701633
2.004653
1.020557
-3.362198
-1.005116
-1.025610
-0.339389
-0.999509
0.004979
3.701633
2.004653
1.020557
-3.362198
-1.005116
-1.025610
-0.339389
-0.999509
0.004979
3.701633
2.004653
1.020557
-3.362198
-1.005116
-1.025610
-0.339389
-0.999509
0.004979
3.701633
2.004653
1.020557
-3.362198
-1.005116
-1.025610
-0.339389
-0.999509
0.004979
3.701633
2.004653
1.020557
-3.362198
-1.005116
-1.025610
-0.339389
-0.999509
0.004979
3.701633
2.004653
1.020557
-3.362198
-1.005116
-1.025610
-0.339389
-0.999509
0.004979
3.701633
2.004653
1.020557
-3.362198
-1.005116
-1.025610
-0.339389
-0.999509
0.004979
3.701633
2.004653
1.020557
-3.362198
-1.005116
-1.025610
-0.339389
-0.999509
0.004979
3.701633
2.004653
1.020557
-3.362198
-1.005116
-1.025610
-0.339389
-0.999509
0.004979
3.701633
2.004653
1.020557
-3.362198
-1.005116
-1.025610
-0.339389
-0.999509
0.004979
3.701633
2.004653
1.020557
-3.362198
-1.005116
-1.025610
-0.339389
-0.999509
0.004979
3.701633
2.004653
1.020557
-3.362198
-1.005116
-1.025610
-0.339389
-0.999509
0.004979
3.701633
2.004653
1.020557
-3.362198
-1.005116
-1.025610
-0.339389
-0.999509
0.004979
3.701633
2.004653
1.020557
-3.362198
-1.005116
-1.025610
-0.339389
-0.999509
0.004979
3.701633
2.004653
1.020557
-3.362198
-1.005116
-1.025610
-0.339389
-0.999509
0.004979
3.701633
2.004653
1.020557
-3.362198
-1.005116
-1.025610
-0.339389
-0.999509
0.004979
3.701633
2.004653
1.020557
-3.362198
-1.005116
-1.025610
-0.339389
-0.999509
0.004979
3.701633
2.004653
1.020557
-3.362198
-1.005116
-1.025610
-0.339389
-0.999509
0.004979
3.701633
2.004653
1.020557
-3.362198
-1.005116
-1.025610
-0.339389
-0.999509
0.004979
3.701633
2.004653
1.020557
-3.362198
-1.005116
-1.025610
-0.339389
-0.999509
0.004979
3.701633
2.004653
1.020557
-3.362198
-1.005116
-1.025610
-0.339389
-0.999509
0.004979
3.701633
2.004653
1.020557
-3.362198
-1.005116
-1.025610
-0.339389
-0.999509
0.004979
3.701633
2.004653
1.020557
-3.362198
-1.005116
-1.025610
-0.339389
-0.999509
0.004979
3.701633
2.004653
1.020557
-3.362198
-1.005116
-1.025610
-0.339389
-0.999509
0.004979
3.701633
2.004653
1.020557
-3.362198
-1.005116
-1.025610
-0.339389
-0.999509
0.004979
3.701633
2.004653
1.020557
-3.362198
-1.005116
-1.025610
-0.339389
-0.999509
0.004979
3.701633
2.004653
1.020557
-3.362198
-1.005116
-1.025610
-0.339389
-0.999509
0.004979
3.701633
2.004653
1.020557
-3.362198
-1.005116
-1.025610
-0.339389
-0.999509
0.004979
3.701633
2.004653
1.020557
-3.362198
-1.005116
-1.025610
-0.339389
-0.999509
0.004979
3.701633
2.004653
1.020557
-3.362198
-1.005116
-1.025610
-0.339389
-0.999509
0.004979
3.701633
2.004653
1.020557
-3.362198
-1.005116
-1.025610
-0.339389
-0.999509
0.004979
3.701633
2.004653
1.020557
-3.362198
-1.005116
-1.025610
-0.339389
-0.999509
0.004979
3.701633
2.004653
1.020557
-3.362198
-1.005116
-1.025610
-0.339389
-0.999509
0.004979
3.701633
2.004653
1.020557
-3.362198
-1.005116
-1.025610
-0.339389
-0.999509
0.004979
3.701633
2.004653
1.020557
-3.362198
-1.005116
-1.025610
-0.339389
-0.999509
0.004979
3.701633
2.004653
1.020557
-3.362198
-1.005116
-1.025610
-0.339389
-0.999509
0.004979
3.701633
2.004653
1.020557
-3.362198
-1.005116
-1.025610
-0.339389
-0.999509
0.004979
3.701633
2.004653
1.020557
-3.362198
-1.005116
-1.025610
-0.339389
-0.999509
0.004979
3.701633
2.004653
1.020557
-3.362198
-1.005116
-1.025610
-0.339389
-0.999509
0.004979
3.701633
2.004653
1.020557
-3.362198
-1.005116
-1.025610
-0.339389
-0.999509
0.004979
3.701633
2.004653
1.020557
-3.362198
-1.005116
-1.025610
-0.339389
-0.999509
0.004979
3.701633
2.004653
1.020557
-3.362198
-1.005116
-1.025610
-0.339389
-0.999509
0.004979
3.701633
2.004653
1.020557
-3.362198
-1.005116
-1.025610
-0.339389
-0.999509
0.004979
3.701633
2.004653
1.020557
-3.362198
-1.005116
-1.025610
-0.339389
-0.999509
0.004979
3.701633
2.004653
1.020557
-3.362198
-1.005116
-1.025610
-0.339389
-0.999509
0.004979
3.701633
2.004653
1.020557
-3.362198
-1.005116
-1.025610
-0.339389
-0.999509
0.004979
3.701633
2.004653
1.020557
-3.362198
-1.005116
-1.025610
-0.339389
-0.999509
0.004979
3.701633
2.004653
1.020557
-3.362198
-1.005116
-1.025610
-0.339389
-0.999509
0.004979
3.701633
2.004653
1.020557
-3.362198
-1.005116
-1.025610
-0.339389
-0.999509
0.004979
3.701633
2.004653
1.020557
-3.362198
-1.005116
-1.025610
-0.340469
-1.011601
-0.020787
3.736763
1.958138
1.048760
-3.382773
-1.011595
-0.874731
-0.550615
-0.880140
0.030924
3.519758
2.315441
1.050579
-0.722620
-0.088449
0.438244
-0.242189
-0.040840
0.015699
0.115003
-0.032082
-0.089248
0.096540
-0.006848
-0.046462
-0.006206
