0.025581
0.083791
0.110493
0.122452
0.070003
-0.027992
-0.072679
-0.104579
-0.142950
-0.285583
-0.573957
-0.899786
-0.886634
-0.265977
-0.954910
-1.629562
0.962339
-1.753134
-0.715201
0.902821
-1.724667
1.369894
0.226395
-1.009002
-0.621437
2.195110
-0.897918
-0.354810
0.993554
-1.663031
1.470185
0.315279
-1.039681
-0.749999
2.059017
-1.001923
-0.383401
0.993554
-1.663031
1.470185
0.315279
-1.039681
-0.749999
2.059017
-1.001923
-0.383401
0.993554
-1.663031
1.470185
0.315279
-1.039681
-0.749999
2.059017
-1.001923
-0.383401
0.993554
-1.663031
1.470185
0.315279
-1.039681
-0.749999
2.059017
-1.001923
-0.383401
0.993554
-1.663031
1.470185
0.315279
-1.039681
-0.749999
2.059017
-1.001923
-0.383401
0.993554
-1.663031
1.470185
0.315279
-1.039681
-0.749999
2.059017
-1.001923
-0.383401
0.993554
-1.663031
1.470185
0.315279
-1.039681
-0.749999
2.059017
-1.001923
-0.383401
0.993554
-1.663031
1.470185
0.315279
-1.039681
-0.749999
2.059017
-1.001923
-0.383401
0.993554
-1.663031
1.470185
0.315279
-1.039681
-0.749999
2.059017
-1.001923
-0.383401
0.993554
-1.663031
1.470185
0.315279
-1.039681
-0.749999
2.059017
-1.001923
-0.383401
0.993554
-1.663031
1.470185
0.315279
-1.039681
-0.749999
2.059017
-1.001923
-0.383401
0.993554
-1.663031
1.470185
0.315279
-1.039681
-0.749999
2.059017
-1.001923
-0.383401
0.993554
-1.663031
1.470185
0.315279
-1.039681
-0.749999
2.059017
-1.001923
-0.383401
0.993554
-1.663031
1.470185
0.315279
-1.039681
-0.749999
2.059017
-1.001923
-0.383401
0.993554
-1.663031
1.470185
0.315279
-1.039681
-0.749999
2.059017
-1.001923
-0.383401
0.993554
-1.663031
1.470185
0.315279
-1.039681
-0.749999
2.059017
-1.001923
-0.383401
0.993554
-1.663031
1.470185
0.315279
-1.039681
-0.749999
2.059017
-1.001923
-0.383401
0.993554
-1.663031
1.470185
0.315279
-1.039681
-0.749999
2.059017
-1.001923
-0.383401
0.993554
-1.663031
1.470185
0.315279
-1.039681
-0.749999
2.059017
-1.001923
-0.383401
0.993554
-1.663031
1.470185
0.315279
-1.039681
-0.749999
2.059017
-1.001923
-0.383401
0.993554
-1.663031
1.470185
0.315279
-1.039681
-0.749999
2.059017
-1.001923
-0.383401
0.993554
-1.663031
1.470185
0.315279
-1.039681
-0.749999
2.059017
-1.001923
-0.383401
0.993554
-1.663031
1.470185
0.315279
-1.039681
-0.749999
2.059017
-1.001923
-0.383401
0.993554
-1.663031
1.470185
0.315279
-1.039681
-0.749999
2.059017
-1.001923
-0.383401
0.993554
-1.663031
1.470185
0.315279
-1.039681
-0.749999
2.059017
-1.001923
-0.383401
0.993554
-1.663031
1.470185
0.315279
-1.039681
-0.749999
2.059017
-1.001923
-0.383401
0.993554
-1.663031
1.470185
0.315279
-1.039681
-0.749999
2.059017
-1.001923
-0.383401
0.993554
-1.663031
1.470185
0.315279
-1.039681
-0.749999
2.059017
-1.001923
-0.383401
0.993554
-1.663031
1.470185
0.315279
-1.039681
-0.749999
2.059017
-1.001923
-0.383401
0.993554
-1.663031
1.470185
0.315279
-1.039681
-0.749999
2.059017
-1.001923
-0.383401
0.993554
-1.663031
1.470185
0.315279
-1.039681
-0.749999
2.059017
-1.001923
-0.383401
0.993554
-1.663031
1.470185
0.315279
-1.039681
-0.749999
2.059017
-1.001923
-0.383401
0.993554
-1.663031
1.470185
0.315279
-1.039681
-0.749999
2.059017
-1.001923
-0.383401
0.993554
-1.663031
1.470185
0.315279
-1.039681
-0.749999
2.059017
-1.001923
-0.383401
0.993554
-1.663031
1.470185
0.315279
-1.039681
-0.749999
2.059017
-1.001923
-0.383401
0.993554
-1.663031
1.470185
0.315279
-1.039681
-0.749999
2.059017
-1.001923
-0.383401
0.993554
-1.663031
1.470185
0.315279
-1.039681
-0.749999
2.059017
-1.001923
-0.383401
0.993554
-1.663031
1.470185
0.315279
-1.039681
-0.749999
2.059017
-1.001923
-0.383401
0.993554
-1.663031
1.470185
0.315279
-1.039681
-0.749999
2.059017
-1.001923
-0.383401
0.993554
-1.663031
1.470185
0.315279
-1.039681
-0.749999
2.059017
-1.001923
-0.383401
0.993554
-1.663031
1.470185
0.315279
-1.039681
-0.749999
2.059017
-1.001923
-0.383401
0.993554
-1.663031
1.470185
0.315279
-1.039681
-0.749999
2.059017
-1.001923
-0.383401
0.993554
-1.663031
1.470185
0.315279
-1.039681
-0.749999
2.059017
-1.001923
-0.383401
0.993554
-1.663031
1.470185
0.315279
-1.039681
-0.749999
2.059017
-1.001923
-0.383401
0.993554
-1.663031
1.470185
0.315279
-1.039681
-0.749999
2.059017
-1.001923
-0.383401
0.993554
-1.663031
1.470185
0.315279
-1.039681
-0.749999
2.059017
-1.001923
-0.383401
0.993554
-1.663031
1.470185
0.315279
-1.039681
-0.749999
2.059017
-1.001923
-0.383401
0.993554
-1.663031
1.470185
0.315279
-1.039681
-0.749999
2.059017
-1.001923
-0.383401
0.993554
-1.663031
1.470185
0.315279
-1.039681
-0.749999
2.059017
-1.001923
-0.383401
0.993554
-1.663031
1.470185
0.315279
-1.039681
-0.749999
2.059017
-1.001923
-0.383401
0.993554
-1.663031
1.470185
0.315279
-1.039681
-0.749999
2.059017
-1.001923
-0.383401
0.993554
-1.663031
1.470185
0.315279
-1.039681
-0.749999
2.059017
-1.001923
-0.383401
0.993554
-1.663031
1.470185
0.315279
-1.039681
-0.749999
2.059017
-1.001923
-0.383401
0.993554
-1.663031
1.470185
0.315279
-1.039681
-0.749999
2.059017
-1.001923
-0.383401
0.993554
-1.663031
1.470185
0.315279
-1.039681
-0.749999
2.059017
-1.001923
-0.383401
0.993554
-1.663031
1.470185
0.315279
-1.039681
-0.749999
2.059017
-1.001923
-0.383401
0.993554
-1.663031
1.470185
0.315279
-1.039681
-0.749999
2.059017
-1.001923
-0.383401
0.993554
-1.663031
1.470185
0.315279
-1.039681
-0.749999
2.059017
-1.001923
-0.383401
0.993554
-1.663031
1.470185
0.315279
-1.039681
-0.749999
2.059017
-1.001923
-0.383401
0.993554
-1.663031
1.470185
0.315279
-1.039681
-0.749999
2.059017
-1.001923
-0.383401
0.993554
-1.663031
1.470185
0.315279
-1.039681
-0.749999
2.059017
-1.001923
-0.383401
0.993554
-1.663031
1.470185
0.315279
-1.039681
-0.749999
2.059017
-1.001923
-0.383401
0.993554
-1.663031
1.470185
0.315279
-1.039681
-0.749999
2.059017
-1.001923
-0.383401
0.993554
-1.663031
1.470185
0.315279
-1.039681
-0.749999
2.059017
-1.001923
-0.383401
0.993554
-1.663031
1.470185
0.315279
-1.039681
-0.749999
2.059017
-1.001923
-0.383401
0.993554
-1.663031
1.470185
0.315279
-1.039681
-0.749999
2.059017
-1.001923
-0.383401
0.993554
-1.663031
1.470185
0.315279
-1.039681
-0.749999
2.059017
-1.001923
-0.383401
0.993554
-1.663031
1.470185
0.315279
-1.039681
-0.749999
2.059017
-1.001923
-0.383401
0.993554
-1.663031
1.470185
0.315279
-1.039681
-0.749999
2.059017
-1.001923
-0.383401
0.993554
-1.663031
1.470185
0.315279
-1.039681
-0.749999
2.059017
-1.001923
-0.383401
0.993554
-1.663031
1.470185
0.315279
-1.039681
-0.749999
2.059017
-1.001923
-0.383401
0.993554
-1.663031
1.470185
0.315279
-1.039681
-0.749999
2.059017
-1.001923
-0.383401
0.993554
-1.663031
1.470185
0.315279
-1.039681
-0.749999
2.059017
-1.001923
-0.383401
0.993554
-1.663031
1.470185
0.315279
-1.039681
-0.749999
2.059017
-1.001923
-0.383401
0.993554
-1.663031
1.470185
0.315279
-1.039681
-0.749999
2.059017
-1.001923
-0.383401
0.993554
-1.663031
1.470185
0.315279
-1.039681
-0.749999
2.059017
-1.001923
-0.383401
0.993554
-1.663031
1.470185
0.315279
-1.039681
-0.749999
2.059017
-1.001923
-0.383401
0.993554
-1.663031
1.470185
0.315279
-1.039681
-0.749999
2.059017
-1.001923
-0.383401
0.993554
-1.663031
1.470185
0.315279
-1.039681
-0.749999
2.059017
-1.001923
-0.383401
0.993554
-1.663031
1.470185
0.315279
-1.039681
-0.749999
2.059017
-1.001923
-0.383401
0.993554
-1.663031
1.470185
0.315279
-1.039681
-0.749999
2.059017
-1.001923
-0.383401
0.993554
-1.663031
1.470185
0.315279
-1.039681
-0.749999
2.059017
-1.001923
-0.383401
0.993554
-1.663031
1.470185
0.315279
-1.039681
-0.749999
2.059017
-1.001923
-0.383401
0.993554
-1.663031
1.470185
0.315279
-1.039681
-0.749999
2.059017
-1.001923
-0.383401
0.993554
-1.663031
1.470185
0.315279
-1.039681
-0.749999
2.059017
-1.001923
-0.383401
0.993554
-1.663031
1.470185
0.315279
-1.039681
-0.749999
2.059017
-1.001923
-0.383401
0.993554
-1.663031
1.470185
0.315279
-1.039681
-0.749999
2.059017
-1.001923
-0.383401
0.993554
-1.663031
1.470185
0.315279
-1.039681
-0.749999
2.059017
-1.001923
-0.383401
0.993554
-1.663031
1.470185
0.315279
-1.039681
-0.749999
2.059017
-1.001923
-0.383401
0.993554
-1.663031
1.470185
0.315279
-1.039681
-0.749999
2.059017
-1.001923
-0.383401
0.993554
-1.663031
1.470185
0.315279
-1.039681
-0.749999
2.059017
-1.001923
-0.383401
0.993554
-1.663031
1.470185
0.315279
-1.039681
-0.749999
2.059017
-1.001923
-0.383401
0.993554
-1.663031
1.470185
0.315279
-1.039681
-0.749999
2.059017
-1.001923
-0.383401
0.993554
-1.663031
1.470185
0.315279
-1.039681
-0.749999
2.059017
-1.001923
-0.383401
0.993554
-1.663031
1.470185
0.315279
-1.039681
-0.749999
2.059017
-1.001923
-0.383401
0.993554
-1.663031
1.470185
0.315279
-1.039681
-0.749999
2.059017
-1.001923
-0.383401
0.993554
-1.663031
1.470185
0.315279
-1.039681
-0.749999
2.059017
-1.001923
-0.408982
0.909762
-1.773524
1.347733
0.245276
-1.011689
-0.677320
2.163596
-0.858973
-0.097817
1.567511
-0.763245
2.356820
0.581257
-0.084771
0.879563
1.096679
0.751210
0.331800
0.090732
0.061636
0.100291
0.088884
-0.030679
-0.128562
-0.136092
-0.104006
-0.028591
