-0.001130
-0.009328
-0.023170
-0.034277
0.000685
0.016023
-0.053788
0.054262
-0.049024
0.201622
-0.107179
-0.195218
0.341069
-0.362595
-0.153769
-2.585012
-0.870177
-1.316603
-0.259787
-0.917102
0.046027
3.508558
1.987982
1.088212
-3.389501
-0.994773
-0.958836
-0.293746
-1.032328
-0.068181
3.652183
1.972043
0.993683
-3.362563
-0.938233
-0.929358
-0.287247
-1.032328
-0.068181
3.652183
1.972043
0.993683
-3.362563
-0.938233
-0.929358
-0.287247
-1.032328
-0.068181
3.652183
1.972043
0.993683
-3.362563
-0.938233
-0.929358
-0.287247
-1.032328
-0.068181
3.652183
1.972043
0.993683
-3.362563
-0.938233
-0.929358
-0.287247
-1.032328
-0.068181
3.652183
1.972043
0.993683
-3.362563
-0.938233
-0.929358
-0.287247
-1.032328
-0.068181
3.652183
1.972043
0.993683
-3.362563
-0.938233
-0.929358
-0.287247
-1.032328
-0.068181
3.652183
1.972043
0.993683
-3.362563
-0.938233
-0.929358
-0.287247
-1.032328
-0.068181
3.652183
1.972043
0.993683
-3.362563
-0.938233
-0.929358
-0.287247
-1.032328
-0.068181
3.652183
1.972043
0.993683
-3.362563
-0.938233
-0.929358
-0.287247
-1.032328
-0.068181
3.652183
1.972043
0.993683
-3.362563
-0.938233
-0.929358
-0.287247
-1.032328
-0.068181
3.652183
1.972043
0.993683
-3.362563
-0.938233
-0.929358
-0.287247
-1.032328
-0.068181
3.652183
1.972043
0.993683
-3.362563
-0.938233
-0.929358
-0.287247
-1.032328
-0.068181
3.652183
1.972043
0.993683
-3.362563
-0.938233
-0.929358
-0.287247
-1.032328
-0.068181
3.652183
1.972043
0.993683
-3.362563
-0.938233
-0.929358
-0.287247
-1.032328
-0.068181
3.652183
1.972043
0.993683
-3.362563
-0.938233
-0.929358
-0.287247
-1.032328
-0.068181
3.652183
1.972043
0.993683
-3.362563
-0.938233
-0.929358
-0.287247
-1.032328
-0.068181
3.652183
1.972043
0.993683
-3.362563
-0.938233
-0.929358
-0.287247
-1.032328
-0.068181
3.652183
1.972043
0.993683
-3.362563
-0.938233
-0.929358
-0.287247
-1.032328
-0.068181
3.652183
1.972043
0.993683
-3.362563
-0.938233
-0.929358
-0.287247
-1.032328
-0.068181
3.652183
1.972043
0.993683
-3.362563
-0.938233
-0.929358
-0.287247
-1.032328
-0.068181
3.652183
1.972043
0.993683
-3.362563
-0.938233
-0.929358
-0.287247
-1.032328
-0.068181
3.652183
1.972043
0.993683
-3.362563
-0.938233
-0.929358
-0.287247
-1.032328
-0.068181
3.652183
1.972043
0.993683
-3.362563
-0.938233
-0.929358
-0.287247
-1.032328
-0.068181
3.652183
1.972043
0.993683
-3.362563
-0.938233
-0.929358
-0.287247
-1.032328
-0.068181
3.652183
1.972043
0.993683
-3.362563
-0.938233
-0.929358
-0.287247
-1.032328
-0.068181
3.652183
1.972043
0.993683
-3.362563
-0.938233
-0.929358
-0.287247
-1.032328
-0.068181
3.652183
1.972043
0.993683
-3.362563
-0.938233
-0.929358
-0.287247
-1.032328
-0.068181
3.652183
1.972043
0.993683
-3.362563
-0.938233
-0.929358
-0.287247
-1.032328
-0.068181
3.652183
1.972043
0.993683
-3.362563
-0.938233
-0.929358
-0.287247
-1.032328
-0.068181
3.652183
1.972043
0.993683
-3.362563
-0.938233
-0.929358
-0.287247
-1.032328
-0.068181
3.652183
1.972043
0.993683
-3.362563
-0.938233
-0.929358
-0.287247
-1.032328
-0.068181
3.652183
1.972043
0.993683
-3.362563
-0.938233
-0.929358
-0.287247
-1.032328
-0.068181
3.652183
1.972043
0.993683
-3.362563
-0.938233
-0.929358
-0.287247
-1.032328
-0.068181
3.652183
1.972043
0.993683
-3.362563
-0.938233
-0.929358
-0.287247
-1.032328
-0.068181
3.652183
1.972043
0.993683
-3.362563
-0.938233
-0.929358
-0.287247
-1.032328
-0.068181
3.652183
1.972043
0.993683
-3.362563
-0.938233
-0.929358
-0.287247
-1.032328
-0.068181
3.652183
1.972043
0.993683
-3.362563
-0.938233
-0.929358
-0.287247
-1.032328
-0.068181
3.652183
1.972043
0.993683
-3.362563
-0.938233
-0.929358
-0.287247
-1.032328
-0.068181
3.652183
1.972043
0.993683
-3.362563
-0.938233
-0.929358
-0.287247
-1.032328
-0.068181
3.652183
1.972043
0.993683
-3.362563
-0.938233
-0.929358
-0.287247
-1.032328
-0.068181
3.652183
1.972043
0.993683
-3.362563
-0.938233
-0.929358
-0.287247
-1.032328
-0.068181
3.652183
1.972043
0.993683
-3.362563
-0.938233
-0.929358
-0.287247
-1.032328
-0.068181
3.652183
1.972043
0.993683
-3.362563
-0.938233
-0.929358
-0.287247
-1.032328
-0.068181
3.652183
1.972043
0.993683
-3.362563
-0.938233
-0.929358
-0.287247
-1.032328
-0.068181
3.652183
1.972043
0.993683
-3.362563
-0.938233
-0.929358
-0.287247
-1.032328
-0.068181
3.652183
1.972043
0.993683
-3.362563
-0.938233
-0.929358
-0.287247
-1.032328
-0.068181
3.652183
1.972043
0.993683
-3.362563
-0.938233
-0.929358
-0.287247
-1.032328
-0.068181
3.652183
1.972043
0.993683
-3.362563
-0.938233
-0.929358
-0.287247
-1.032328
-0.068181
3.652183
1.972043
0.993683
-3.362563
-0.938233
-0.929358
-0.287247
-1.032328
-0.068181
3.652183
1.972043
0.993683
-3.362563
-0.938233
-0.929358
-0.287247
-1.032328
-0.068181
3.652183
1.972043
0.993683
-3.362563
-0.938233
-0.929358
-0.287247
-1.032328
-0.068181
3.652183
1.972043
0.993683
-3.362563
-0.938233
-0.929358
-0.287247
-1.032328
-0.068181
3.652183
1.972043
0.993683
-3.362563
-0.938233
-0.929358
-0.287247
-1.032328
-0.068181
3.652183
1.972043
0.993683
-3.362563
-0.938233
-0.929358
-0.287247
-1.032328
-0.068181
3.652183
1.972043
0.993683
-3.362563
-0.938233
-0.929358
-0.287247
-1.032328
-0.068181
3.652183
1.972043
0.993683
-3.362563
-0.938233
-0.929358
-0.287247
-1.032328
-0.068181
3.652183
1.972043
0.993683
-3.362563
-0.938233
-0.929358
-0.287247
-1.032328
-0.068181
3.652183
1.972043
0.993683
-3.362563
-0.938233
-0.929358
-0.287247
-1.032328
-0.068181
3.652183
1.972043
0.993683
-3.362563
-0.938233
-0.929358
-0.287247
-1.032328
-0.068181
3.652183
1.972043
0.993683
-3.362563
-0.938233
-0.929358
-0.287247
-1.032328
-0.068181
3.652183
1.972043
0.993683
-3.362563
-0.938233
-0.929358
-0.287247
-1.032328
-0.068181
3.652183
1.972043
0.993683
-3.362563
-0.938233
-0.929358
-0.287247
-1.032328
-0.068181
3.652183
1.972043
0.993683
-3.362563
-0.938233
-0.929358
-0.287247
-1.032328
-0.068181
3.652183
1.972043
0.993683
-3.362563
-0.938233
-0.929358
-0.287247
-1.032328
-0.068181
3.652183
1.972043
0.993683
-3.362563
-0.938233
-0.929358
-0.287247
-1.032328
-0.068181
3.652183
1.972043
0.993683
-3.362563
-0.938233
-0.929358
-0.287247
-1.032328
-0.068181
3.652183
1.972043
0.993683
-3.362563
-0.938233
-0.929358
-0.287247
-1.032328
-0.068181
3.652183
1.972043
0.993683
-3.362563
-0.938233
-0.929358
-0.287247
-1.032328
-0.068181
3.652183
1.972043
0.993683
-3.362563
-0.938233
-0.929358
-0.287247
-1.032328
-0.068181
3.652183
1.972043
0.993683
-3.362563
-0.938233
-0.929358
-0.287247
-1.032328
-0.068181
3.652183
1.972043
0.993683
-3.362563
-0.938233
-0.929358
-0.287247
-1.032328
-0.068181
3.652183
1.972043
0.993683
-3.362563
-0.938233
-0.929358
-0.287247
-1.032328
-0.068181
3.652183
1.972043
0.993683
-3.362563
-0.938233
-0.929358
-0.287247
-1.032328
-0.068181
3.652183
1.972043
0.993683
-3.362563
-0.938233
-0.929358
-0.287247
-1.032328
-0.068181
3.652183
1.972043
0.993683
-3.362563
-0.938233
-0.929358
-0.287247
-1.032328
-0.068181
3.652183
1.972043
0.993683
-3.362563
-0.938233
-0.929358
-0.287247
-1.032328
-0.068181
3.652183
1.972043
0.993683
-3.362563
-0.938233
-0.929358
-0.287247
-1.032328
-0.068181
3.652183
1.972043
0.993683
-3.362563
-0.938233
-0.929358
-0.287247
-1.032328
-0.068181
3.652183
1.972043
0.993683
-3.362563
-0.938233
-0.929358
-0.287247
-1.032328
-0.068181
3.652183
1.972043
0.993683
-3.362563
-0.938233
-0.929358
-0.287247
-1.032328
-0.068181
3.652183
1.972043
0.993683
-3.362563
-0.938233
-0.929358
-0.287247
-1.032328
-0.068181
3.652183
1.972043
0.993683
-3.362563
-0.938233
-0.929358
-0.287247
-1.032328
-0.068181
3.652183
1.972043
0.993683
-3.362563
-0.938233
-0.929358
-0.287247
-1.032328
-0.068181
3.652183
1.972043
0.993683
-3.362563
-0.938233
-0.929358
-0.287247
-1.032328
-0.068181
3.652183
1.972043
0.993683
-3.362563
-0.938233
-0.929358
-0.287247
-1.032328
-0.068181
3.652183
1.972043
0.993683
-3.362563
-0.938233
-0.929358
-0.287247
-1.032328
-0.068181
3.652183
1.972043
0.993683
-3.362563
-0.938233
-0.929358
-0.287247
-1.032328
-0.068181
3.652183
1.972043
0.993683
-3.362563
-0.938233
-0.929358
-0.287247
-1.032328
-0.068181
3.652183
1.972043
0.993683
-3.362563
-0.938233
-0.929358
-0.287247
-1.032328
-0.068181
3.652183
1.972043
0.993683
-3.362563
-0.938233
-0.929358
-0.287247
-1.032328
-0.068181
3.652183
1.972043
0.993683
-3.362563
-0.938233
-0.929358
-0.287247
-1.032328
-0.068181
3.652183
1.972043
0.993683
-3.362563
-0.938233
-0.929358
-0.287247
-1.032328
-0.068181
3.652183
1.972043
0.993683
-3.362563
-0.938233
-0.929358
-0.287247
-1.032328
-0.068181
3.652183
1.972043
0.993683
-3.362563
-0.938233
-0.929358
-0.287247
-1.032328
-0.068181
3.652183
1.972043
0.993683
-3.362563
-0.938233
-0.929358
-0.287247
-1.032328
-0.068181
3.652183
1.972043
0.993683
-3.362563
-0.938233
-0.929358
-0.287247
-1.032328
-0.068181
3.652183
1.972043
0.993683
-3.362563
-0.938233
-0.929358
-0.286117
-1.023000
-0.045011
3.686460
1.971358
0.977660
-3.308776
-0.992495
-0.880334
-0.488869
-0.925149
0.127037
3.311115
2.334638
1.147452
-0.777552
-0.068055
0.387245
-0.027460
-0.115226
-0.114208
0.143625
-0.015939
-0.094528
0.026938
0.056540
0.029478
0.006499
